2077 F            0.6          0.47         0.19         1.1345       0.492        0.254        0.3375       10           
2077 F            0.6          0.47         0.19         1.1345       0.492        0.2595       0.3375       10           
error_attr: viscera, error_value: 0.254

2132 M            0.32         0.235        0.08         0.18         0.08         0.0385       0.055        6            
2132 M            0.32         0.24         0.08         0.18         0.08         0.0385       0.055        6            
error_attr: diameter, error_value: 0.235

2685 F            0.625        0.475        0.155        1.115        0.484        0.277        0.3095       9            
2685 F            0.625        0.49         0.155        1.115        0.484        0.277        0.3095       9            
error_attr: diameter, error_value: 0.475

2849 F            0.625        0.485        0.16         1.254        0.591        0.259        0.3185       9            
2849 F            0.625        0.485        0.16         1.254        0.591        0.259        0.3485       9            
error_attr: shell, error_value: 0.3185

3048 M            0.575        0.435        0.165        0.9765       0.4525       0.2395       0.235        9            
3048 M            0.59         0.435        0.165        0.9765       0.4525       0.2395       0.235        9            
error_attr: length, error_value: 0.575

3157 M            0.535        0.44         0.165        0.8765       0.279        0.18         0.3          10           
3157 M            0.535        0.44         0.165        0.875        0.279        0.18         0.3          10           
error_attr: whole, error_value: 0.8765

3206 M            0.36         0.265        0.095        0.1975       0.0795       0.0375       0.07         9            
3206 M            0.335        0.265        0.095        0.1975       0.0795       0.0375       0.07         9            
error_attr: length, error_value: 0.36

3505 F            0.62         0.51         0.18         1.233        0.592        0.2315       0.322        10           
3505 F            0.62         0.51         0.18         1.233        0.592        0.274        0.322        10           
error_attr: viscera, error_value: 0.2315

3550 I            0.5          0.365        0.125        0.528        0.229        0.103        0.14         9            
3550 I            0.5          0.365        0.125        0.528        0.229        0.103        0.1645       9            
error_attr: shell, error_value: 0.14

4170 M            0.52         0.385        0.165        0.8765       0.375        0.18         0.1815       10           
4170 M            0.52         0.385        0.165        0.791        0.375        0.18         0.1815       10           
error_attr: whole, error_value: 0.8765

4178 M            0.455        0.365        0.095        0.514        0.2245       0.101        0.15         5            
4178 M            0.455        0.365        0.095        0.514        0.2245       0.101        0.15         15           
error_attr: rings, error_value: 5

4230 M            0.485        0.36         0.13         0.5415       0.2595       0.096        0.16         0            
4230 M            0.485        0.36         0.13         0.5415       0.2595       0.096        0.16         10           
error_attr: rings, error_value: 0

4231 F            0.47         0.36         01.2         0.4775       0.2105       0.1055       0.15         10           
4231 F            0.47         0.36         0.12         0.4775       0.2105       0.1055       0.15         10           
error_attr: height, error_value: 01.2

4274 M            0.535        0.435        0.1i5        0.725        0.269        0.1385       0.25         9            
4274 M            0.535        0.435        0.15         0.725        0.269        0.1385       0.25         9            
error_attr: height, error_value: 0.1i5

4298 F            0.47         0.365        0.105        0.4205       0.163        0.1035       0.14         e9           
4298 F            0.47         0.365        0.105        0.4205       0.163        0.1035       0.14         9            
error_attr: rings, error_value: e9

4396 M            0.47         0.36         0.135        0.501        0.1665       0.115        0.165        1b0          
4396 M            0.47         0.36         0.135        0.501        0.1665       0.115        0.165        10           
error_attr: rings, error_value: 1b0

4417 I            0.16         0.12         0.05         0.021        0.0075       0.0045       0.005        5            
4417 I            0.16         0.12         0.035        0.021        0.0075       0.0045       0.005        5            
error_attr: height, error_value: 0.05

4467 F            0.535        0.435        0.16         0.7955       0.3155       0.1795       0.24         10           
4467 F            0.535        0.435        0.16         0.8105       0.3155       0.1795       0.24         10           
error_attr: whole, error_value: 0.7955

4482 F            0.47         0.36         0.13         0.472        0.182        0.114        0.15         01           
4482 F            0.47         0.36         0.13         0.472        0.182        0.114        0.15         10           
error_attr: rings, error_value: 01

4752 I            0.61         0.475        .015         0.9665       0.4145       0.2          0.345        10           
4752 I            0.61         0.475        0.15         0.9665       0.4145       0.2          0.345        10           
error_attr: height, error_value: .015

4774 F            0.55         0.43         0.41         0.7135       0.2565       0.186        0.225        9            
4774 F            0.55         0.43         0.14         0.7135       0.2565       0.186        0.225        9            
error_attr: height, error_value: 0.41

4785 I            0.485        0.37         .13          0.458        0.181        0.113        0.136        10           
4785 I            0.485        0.37         0.13         0.458        0.181        0.113        0.136        10           
error_attr: height, error_value: .13

4811 I            0.47         0.36         0.13         0.5225       0.198        0.1065       0.165                     
4811 I            0.47         0.36         0.13         0.5225       0.198        0.1065       0.165        9            
error_attr: rings, error_value: 

4827 F            0.475        0.36         0.125        0.447        0.1695       0.081        0.14                      
4827 F            0.475        0.36         0.125        0.447        0.1695       0.081        0.14         9            
error_attr: rings, error_value: 

4957 F            0.47         0.36         0.145        0.537        0.1725       0.1375       0.195        a15          
4957 F            0.47         0.36         0.145        0.537        0.1725       0.1375       0.195        15           
error_attr: rings, error_value: a15

5029 M            0.555        0.435        .145         0.9685       0.4985       0.168        0.2385       9            
5029 M            0.555        0.435        0.145        0.9685       0.4985       0.168        0.2385       9            
error_attr: height, error_value: .145

5103 I            0.43         0.325        0.1          0.3645       0.1575       0.0825       0.105        9            
5103 I            0.43         0.325        0.1          0.3645       0.1575       0.0825       0.105        7            
error_attr: rings, error_value: 9

5111 I            0.45         0.36         0.13         0.478        0.191        0.127        0.137                     
5111 I            0.45         0.36         0.13         0.478        0.191        0.127        0.137        7            
error_attr: rings, error_value: 

5228 F            0.715        0.525        0.185        1.56         0.6655       0.383        0.405        10           
5228 F            0.715        0.525        0.185        1.56         0.6655       0.383        0.405        11           
error_attr: rings, error_value: 10

5287 M            0.52         0.4          0.145        0.6865       0.3525       0.1845       0.185        9            
5287 M            0.52         0.4          0.145        0.7765       0.3525       0.1845       0.185        9            
error_attr: whole, error_value: 0.6865

5316 M            0.575        0.435        0.g14        0.8455       0.401        0.191        0.222        9            
5316 M            0.575        0.435        0.14         0.8455       0.401        0.191        0.222        9            
error_attr: height, error_value: 0.g14

5323 M            0.58         0.455        01.95        1.859        0.945        0.426        0.441        9            
5323 M            0.58         0.455        0.195        1.859        0.945        0.426        0.441        9            
error_attr: height, error_value: 01.95

5336 M            0.605        0.475        .14          1.1175       0.555        0.257        0.274        9            
5336 M            0.605        0.475        0.14         1.1175       0.555        0.257        0.274        9            
error_attr: height, error_value: .14

5351 M            0.63         0.5          .175         1.2645       0.5635       0.3065       0.3425       10           
5351 M            0.63         0.5          0.175        1.2645       0.5635       0.3065       0.3425       10           
error_attr: height, error_value: .175

5365 M            0.685        0.52         0.165        1.519        0.699        0.388        0.4          10           
5365 M            0.685        0.52         0.165        1.519        0.699        0.3685       0.4          10           
error_attr: viscera, error_value: 0.388

5447 I            0.47         0.365        0.1          0.411        0.175        0.0855       0.135        ***          
5447 I            0.47         0.365        0.1          0.411        0.175        0.0855       0.135        8            
error_attr: rings, error_value: ***

5455 I            0.48         0.365        0.1          0.461        0.2205       0.0835       0.135        ***          
5455 I            0.48         0.365        0.1          0.461        0.2205       0.0835       0.135        8            
error_attr: rings, error_value: ***

5478 I            0.53         0.425        0.13         0.677        0.419        0.1205       0.21         9            
5478 I            0.53         0.425        0.13         0.7675       0.419        0.1205       0.21         9            
error_attr: whole, error_value: 0.677

5499 I            0.56         0.425        .145         0.688        0.3095       0.1305       0.2165       9            
5499 I            0.56         0.425        0.145        0.688        0.3095       0.1305       0.2165       9            
error_attr: height, error_value: .145

5510 I            0.57         0.44         0.a13        0.7665       0.347        0.1785       0.202        10           
5510 I            0.57         0.44         0.13         0.7665       0.347        0.1785       0.202        10           
error_attr: height, error_value: 0.a13

5541 M            0.61         0.45         .015         0.871        0.407        0.1835       0.25         10           
5541 M            0.61         0.45         0.15         0.871        0.407        0.1835       0.25         10           
error_attr: height, error_value: .015

5558 M            0.625        0.455        017          1.082        0.4955       0.2345       0.315        9            
5558 M            0.625        0.455        0.17         1.082        0.4955       0.2345       0.315        9            
error_attr: height, error_value: 017

5569 F            0.635        0.495        .0175        1.211        0.707        0.2725       0.323        9            
5569 F            0.635        0.495        0.175        1.211        0.707        0.2725       0.323        9            
error_attr: height, error_value: .0175

5575 M            0.645        0.5          0v.195       1.401        0.6165       0.3515       0.3725       10           
5575 M            0.645        0.5          0.195        1.401        0.6165       0.3515       0.3725       10           
error_attr: height, error_value: 0v.195

5626 I            0.44         0.365        0.11         0.4465       0.213        0.089        0.1135       ***          
5626 I            0.44         0.365        0.11         0.4465       0.213        0.089        0.1135       9            
error_attr: rings, error_value: ***

5636 I            0.48         0.36         0.125        0.542        0.2795       0.1025       0.147        ***          
5636 I            0.48         0.36         0.125        0.542        0.2795       0.1025       0.147        7            
error_attr: rings, error_value: ***

5650 F            0.545        0.41         0u.14        0.7405       0.3565       0.1775       0.203        9            
5650 F            0.545        0.41         0.14         0.7405       0.3565       0.1775       0.203        9            
error_attr: height, error_value: 0u.14

5654 F            0.56         0.435        01.5         0.8715       0.4755       0.1835       0.1835       9            
5654 F            0.56         0.435        0.15         0.8715       0.4755       0.1835       0.1835       9            
error_attr: height, error_value: 01.5

5747 I            0.475        0.36         0.145        0.6325       0.2825       0.137        0.19         ***          
5747 I            0.475        0.36         0.145        0.6325       0.2825       0.137        0.19         8            
error_attr: rings, error_value: ***

5749 I            0.475        0.36         0.125        0.4905       0.205        0.1305       0.125        ***          
5749 I            0.475        0.36         0.125        0.4905       0.205        0.1305       0.125        8            
error_attr: rings, error_value: ***

5763 I            0.515        0.36         0.125        0.4725       0.1815       0.125        0.138        ***          
5763 I            0.515        0.36         0.125        0.4725       0.1815       0.125        0.138        9            
error_attr: rings, error_value: ***

5794 I            0.555        0.395        .013         0.5585       0.222        0.1245       0.17         9            
5794 I            0.555        0.395        0.13         0.5585       0.222        0.1245       0.17         9            
error_attr: height, error_value: .013

5822 M            0.58         0.46         0.x155       1.0335       0.469        0.2225       0.295        10           
5822 M            0.58         0.46         0.155        1.0335       0.469        0.2225       0.295        10           
error_attr: height, error_value: 0.x155

5835 M            0.6          0.48         0.a165       0.9165       0.4135       0.1965       0.2725       9            
5835 M            0.6          0.48         0.165        0.9165       0.4135       0.1965       0.2725       9            
error_attr: height, error_value: 0.a165

5849 M            0.61         0.47         0d.16        1.022        0.449        0.2345       0.2945       9            
5849 M            0.61         0.47         0.16         1.022        0.449        0.2345       0.2945       9            
error_attr: height, error_value: 0d.16

5905 M            0.66         0.53         0.j195       1.5505       0.6505       0.3295       0.495        10           
5905 M            0.66         0.53         0.195        1.5505       0.6505       0.3295       0.495        10           
error_attr: height, error_value: 0.j195

5953 I            0.485        0.365        0.105        0.5205       0.195        0.123        0.182        ***          
5953 I            0.485        0.365        0.105        0.5205       0.195        0.123        0.182        8            
error_attr: rings, error_value: ***

5979 M            0.605        0.475        0.15         1.13         0.575        0.232        0.297        10           
5979 M            0.605        0.475        0.15         1.15         0.575        0.232        0.297        10           
error_attr: whole, error_value: 1.13

6033 I            0.5          0.38         .011         0.5605       0.28         0.106        0.15         9            
6033 I            0.5          0.38         0.11         0.5605       0.28         0.106        0.15         9            
error_attr: height, error_value: .011

6089 M            0.58         0.44         015          1.0465       0.518        0.2185       0.2795       10           
6089 M            0.58         0.44         0.15         1.0465       0.518        0.2185       0.2795       10           
error_attr: height, error_value: 015

6180 I            0.36         0.27         0.085        0.196        0.0875       0.034        0.053        7            
6180 I            0.36         0.27         0.085        0.196        0.0905       0.034        0.053        7            
error_attr: whucked, error_value: 0.0875

6233 I            0.465        0.355        0.0a9        0.4325       0.2005       0.074        0.1275       9            
6233 I            0.465        0.355        0.09         0.4325       0.2005       0.074        0.1275       9            
error_attr: height, error_value: 0.0a9

6254 F            0.6          0.47         0.19         1.1345       0.492        0.2655       0.3375       10           
6254 F            0.6          0.47         0.19         1.1345       0.492        0.2595       0.3375       10           
error_attr: viscera, error_value: 0.2655

6320 I            0.46         0.35         01.1         0.3945       0.1685       0.0865       0.125        9            
6320 I            0.46         0.35         0.11         0.3945       0.1685       0.0865       0.125        9            
error_attr: height, error_value: 01.1

6341 F            0.55         0.47         0.1e5        0.897        0.377        0.184        0.29         9            
6341 F            0.55         0.47         0.15         0.897        0.377        0.184        0.29         9            
error_attr: height, error_value: 0.1e5

6410 F            0.56         0.445        0.8          0.903        0.3575       0.2045       0.295        9            
6410 F            0.56         0.445        0.18         0.903        0.3575       0.2045       0.295        9            
error_attr: height, error_value: 0.8

6421 M            0.465        0.36         0.13         0.5265       0.2105       0.1185       0.165        0            
6421 M            0.465        0.36         0.13         0.5265       0.2105       0.1185       0.165        10           
error_attr: rings, error_value: 0

6593 M            0.4          0.315        0.150        0.287        0.1135       0.037        0.113        10           
6593 M            0.4          0.315        0.105        0.287        0.1135       0.037        0.113        10           
error_attr: height, error_value: 0.150

6617 F            0.345        0.255        0.1          0.197        0.071        0.051        0.07         9            
6617 F            0.345        0.255        0.1          0.197        0.071        0.051        0.06         9            
error_attr: shell, error_value: 0.07

6625 I            0.275        0.205        0.08         0.096        0.036        0.0185       0.03         9            
6625 I            0.275        0.205        0.08         0.096        0.036        0.0185       0.03         6            
error_attr: rings, error_value: 9

6629 M            0.35         0.26         0.0b9        0.198        0.0725       0.056        0.06         10           
6629 M            0.35         0.26         0.09         0.198        0.0725       0.056        0.06         10           
error_attr: height, error_value: 0.0b9

6662 M            0.46         0.36         0.135        0.6105       0.1955       0.107        0.235        p14          
6662 M            0.46         0.36         0.135        0.6105       0.1955       0.107        0.235        14           
error_attr: rings, error_value: p14

6673 M            0.45         0.36         0.16         0.567        0.174        0.1245       0.225        2            
6673 M            0.45         0.36         0.16         0.567        0.174        0.1245       0.225        12           
error_attr: rings, error_value: 2

6782 F            0.62         0.485        0.1x75       1.2155       0.545        0.253        0.345        10           
6782 F            0.62         0.485        0.175        1.2155       0.545        0.253        0.345        10           
error_attr: height, error_value: 0.1x75

6801 F            0.705        0.56         02.05        2.381        0.9915       0.5005       0.624        10           
6801 F            0.705        0.56         0.205        2.381        0.9915       0.5005       0.624        10           
error_attr: height, error_value: 02.05

6819 I            0.475        0.365        0.1          0.1315       0.2025       0.0875       0.123                     
6819 I            0.475        0.365        0.1          0.1315       0.2025       0.0875       0.123        7            
error_attr: rings, error_value: 

6835 F            0.545        0.4          0.14         0.686        0.368        0.215        0.18         9            
6835 F            0.545        0.4          0.14         0.778        0.368        0.215        0.18         9            
error_attr: whole, error_value: 0.686

6858 M            0.615        0.475        0175         1.103        0.4635       0.3095       0.2725       10           
6858 M            0.615        0.475        0.175        1.103        0.4635       0.3095       0.2725       10           
error_attr: height, error_value: 0175

6868 M            0.645        0.48         u0.15        1.192        0.6055       0.2595       0.285        9            
6868 M            0.645        0.48         0.15         1.192        0.6055       0.2595       0.285        9            
error_attr: height, error_value: u0.15

6914 I            0.43         0.34         0.11         0.3645       0.159        0.0855       0.105        9            
6914 I            0.43         0.34         0.11         0.3645       0.159        0.0855       0.105        7            
error_attr: rings, error_value: 9

6945 I            0.56         0.44         01.4         0.825        0.402        0.139        0.245        10           
6945 I            0.56         0.44         0.14         0.825        0.402        0.139        0.245        10           
error_attr: height, error_value: 01.4

7004 M            0.5          0.365        .13          0.5945       0.309        0.1085       0.1535       9            
7004 M            0.5          0.365        0.13         0.5945       0.309        0.1085       0.1535       9            
error_attr: height, error_value: .13

7008 F            0.525        0.43         01.35        0.8435       0.4325       0.18         0.1815       9            
7008 F            0.525        0.43         0.135        0.8435       0.4325       0.18         0.1815       9            
error_attr: height, error_value: 01.35

7011 F            0.54         0.415        0.15         0.8115       0.3875       0.1875       0.2235       9            
7011 F            0.54         0.415        0.15         0.8115       0.3875       0.1875       0.2035       9            
error_attr: shell, error_value: 0.2235

7055 I            0.46         0.36         0.14         0.447        0.161        0.087        0.16         g9           
7055 I            0.46         0.36         0.14         0.447        0.161        0.087        0.16         9            
error_attr: rings, error_value: g9

7125 M            0.635        0.485        0.8          1.1795       0.4785       0.2775       0.355        10           
7125 M            0.635        0.485        0.18         1.1795       0.4785       0.2775       0.355        10           
error_attr: height, error_value: 0.8

7267 M            0.455        0.35         0.11         0.4585       0.2          0.111        0.1305       8            
7267 M            0.455        0.35         0.11         0.458        0.2          0.111        0.1305       8            
error_attr: whole, error_value: 0.4585

7310 F            0.685        0.53         0.1i7        1.5105       0.7385       0.3525       0.3725       10           
7310 F            0.685        0.53         0.17         1.5105       0.7385       0.3525       0.3725       10           
error_attr: height, error_value: 0.1i7

7312 M            0.46         0.36         0.125        0.547        0.2165       0.1105       0.19                      
7312 M            0.46         0.36         0.125        0.547        0.2165       0.1105       0.19         8            
error_attr: rings, error_value: 

7322 F            0.625        0.48         02.          1.3235       0.6075       0.3055       0.355        9            
7322 F            0.625        0.48         0.2          1.3235       0.6075       0.3055       0.355        9            
error_attr: height, error_value: 02.

7386 I            0.32         0.25         008          0.1565       0.057        0.034        0.06         9            
7386 I            0.32         0.25         0.08         0.1565       0.057        0.034        0.06         9            
error_attr: height, error_value: 008

7521 F            0.455        0.365        0.11         0.385        0.166        0.046        0.1345       3            
7521 F            0.455        0.365        0.11         0.385        0.166        0.046        0.1345       13           
error_attr: rings, error_value: 3

7533 I            0.435        0.34         0a.11        0.407        0.1685       0.073        0.13         10           
7533 I            0.435        0.34         0.11         0.407        0.1685       0.073        0.13         10           
error_attr: height, error_value: 0a.11

7650 I            0.165        0.12         0.035        0.021        0.0075       0.0045       0.014        3            
7650 I            0.165        0.12         0.05         0.021        0.0075       0.0045       0.014        3            
error_attr: height, error_value: 0.035

7665 I            0.51         0.405        0.13         0.599        0.2245       0.1155       0.1485       8            
7665 I            0.51         0.405        0.13         0.599        0.3065       0.1155       0.1485       8            
error_attr: whucked, error_value: 0.2245

7688 M            0.65         0.505        c0.18        1.469        0.7115       0.3335       0.38         9            
7688 M            0.65         0.505        0.18         1.469        0.7115       0.3335       0.38         9            
error_attr: height, error_value: c0.18

7697 M            0.715        0.545        0.8          1.7405       0.871        0.347        0.449        10           
7697 M            0.715        0.545        0.18         1.7405       0.871        0.347        0.449        10           
error_attr: height, error_value: 0.8

7712 I            0.4          0.315        0.09         0.3245       0.151        0.068        0.08         6            
7712 I            0.4          0.315        0.09         0.33         0.151        0.068        0.08         6            
error_attr: whole, error_value: 0.3245

7723 I            0.475        0.36         0.135        0.4355       0.196        0.0925       0.125        ***          
7723 I            0.475        0.36         0.135        0.4355       0.196        0.0925       0.125        8            
error_attr: rings, error_value: ***

7725 I            0.48         0.355        0s.125       0.494        0.2385       0.0835       0.15         9            
7725 I            0.48         0.355        0.125        0.494        0.2385       0.0835       0.15         9            
error_attr: height, error_value: 0s.125

7775 M            0.685        0.53         0.17         1.56         0.647        0.383        0.465        10           
7775 M            0.685        0.53         0.17         1.56         0.647        0.383        0.465        11           
error_attr: rings, error_value: 10

7805 M            0.715        0.525        d0.2         1.89         0.95         0.436        0.4305       10           
7805 M            0.715        0.525        0.2          1.89         0.95         0.436        0.4305       10           
error_attr: height, error_value: d0.2

7819 I            0.465        0.37         0.115***     0.4075       0.1515       0.0935       0.1455       9            
7819 I            0.465        0.37         0.115        0.4075       0.1515       0.0935       0.1455       9            
error_attr: height, error_value: 0.115***

7822 I            0.475        0.365        0.105        0.4175       0.1645       0.099        0.127        p7           
7822 I            0.475        0.365        0.105        0.4175       0.1645       0.099        0.127        7            
error_attr: rings, error_value: p7

7830 F            0.525        0.425        0.1j4        0.8735       0.4205       0.182        0.2225       10           
7830 F            0.525        0.425        0.14         0.8735       0.4205       0.182        0.2225       10           
error_attr: height, error_value: 0.1j4

7843 I            0.575        0.45         0.45         0.872        0.4675       0.18         0.217        9            
7843 I            0.575        0.45         0.145        0.872        0.4675       0.18         0.217        9            
error_attr: height, error_value: 0.45

7939 M            0.53         0.42         01.35        0.675        0.294        0.156        0.1825       10           
7939 M            0.53         0.42         0.135        0.675        0.294        0.156        0.1825       10           
error_attr: height, error_value: 01.35

7950 M            0.575        0.465        0.12         0.78         0.516        0.2185       0.235        9            
7950 M            0.575        0.465        0.12         1.0535       0.516        0.2185       0.235        9            
error_attr: whole, error_value: 0.78

7957 M            0.595        0.48         .185         1.1785       0.526        0.2975       0.314        10           
7957 M            0.595        0.48         0.185        1.1785       0.526        0.2975       0.314        10           
error_attr: height, error_value: .185

8054 M            0.545        0.45         0.16         0.8615       0.3725       0.1545       0.365        16           
8054 M            0.545        0.45         0.16         0.8615       0.2925       0.1545       0.365        16           
error_attr: whucked, error_value: 0.3725

8099 M            0.375        0.28         0.95         0.2225       0.0875       0.043        0.08         10           
8099 M            0.375        0.28         0.095        0.2225       0.0875       0.043        0.08         10           
error_attr: height, error_value: 0.95

8106 I            0.725        0.55         .22          2.0495       0.7735       0.4405       0.655        10           
8106 I            0.725        0.55         0.22         2.0495       0.7735       0.4405       0.655        10           
error_attr: height, error_value: .22

8135 F            0.555        0.44         .0155        1.016        0.4935       0.1855       0.263        10           
8135 F            0.555        0.44         0.155        1.016        0.4935       0.1855       0.263        10           
error_attr: height, error_value: .0155

8164 F            0.645        0.525        01.7         1.37         0.6135       0.283        0.34         10           
8164 F            0.645        0.525        0.17         1.37         0.6135       0.283        0.34         10           
error_attr: height, error_value: 01.7

8201 I            0.275        0.2          0.07         0.096        0.037        0.0225       0.03         9            
8201 I            0.275        0.2          0.07         0.096        0.037        0.0225       0.03         6            
error_attr: rings, error_value: 9

8206 I            0.42         0.31         0.1          0.2805       0.114        0.0615       0.0925       8            
8206 I            0.42         0.31         0.1          0.2805       0.1125       0.0615       0.0925       8            
error_attr: whucked, error_value: 0.114

8210 I            0.485        0.365        0.09         0.651        0.3165       0.132        0.18                      
8210 I            0.485        0.365        0.09         0.651        0.3165       0.132        0.18         8            
error_attr: rings, error_value: 

8243 I            0.37         0.275        0.08         0.227        0.093        0.056        0.072        6            
8243 I            0.37         0.275        0.08         0.2325       0.093        0.056        0.072        6            
error_attr: whole, error_value: 0.227

8281 M            0.7          0.545        0n.215       1.9125       0.8825       0.4385       0.506        10           
8281 M            0.7          0.545        0.215        1.9125       0.8825       0.4385       0.506        10           
error_attr: height, error_value: 0n.215

8300 I            0.46         0.365        0.11         0.4495       0.1755       0.102        0.15         ***          
8300 I            0.46         0.365        0.11         0.4495       0.1755       0.102        0.15         8            
error_attr: rings, error_value: ***

8335 M            0.475        0.36         0.14         0.5135       0.241        0.1045       0.155                     
8335 M            0.475        0.36         0.14         0.5135       0.241        0.1045       0.155        8            
error_attr: rings, error_value: 

8345 M            0.5          0.38         0.152        0.577        0.269        0.1265       0.1535       9            
8345 M            0.5          0.38         0.125        0.577        0.269        0.1265       0.1535       9            
error_attr: height, error_value: 0.152


