1663 F            0.605        0.455        0.145        1.161        0.468        0.1775       0.275        9            
1663 F            0.605        0.455        0.145        0.9775       0.468        0.1775       0.275        9            
error_attr: whole, error_value: 1.161

2440 F            0.345        0.255        0.1          0.197        0.071        0.051        0.07         9            
2440 F            0.345        0.255        0.1          0.197        0.071        0.051        0.06         9            
error_attr: shell, error_value: 0.07

2607 M            0.625        0.48         0.17         1.022        0.671        0.268        0.3385       10           
2607 M            0.625        0.48         0.17         1.3555       0.671        0.268        0.3385       10           
error_attr: whole, error_value: 1.022

3048 M            0.575        0.435        0.165        0.9765       0.4525       0.2395       0.235        9            
3048 M            0.59         0.435        0.165        0.9765       0.4525       0.2395       0.235        9            
error_attr: length, error_value: 0.575

3111 I            0.395        0.3          0.12         0.324        0.1265       0.068        0.0895       8            
3111 I            0.395        0.3          0.12         0.2995       0.1265       0.068        0.0895       8            
error_attr: whole, error_value: 0.324

4271 F            0.625        0.495        0.16t5       1.262        0.507        0.318        0.39         10           
4271 F            0.625        0.495        0.165        1.262        0.507        0.318        0.39         10           
error_attr: height, error_value: 0.16t5

4478 F            0.405        0.305        0.095        0.3485       0.1455       0.0895       0.1          d9           
4478 F            0.405        0.305        0.095        0.3485       0.1455       0.0895       0.1          9            
error_attr: rings, error_value: d9

4762 F            0.41         0.305        0.1          0.363        0.1735       0.065        0.11         11***        
4762 F            0.41         0.305        0.1          0.363        0.1735       0.065        0.11         11           
error_attr: rings, error_value: 11***

4804 F            0.425        0.335        .0095        0.322        0.1205       0.061        0.125        10           
4804 F            0.425        0.335        0.095        0.322        0.1205       0.061        0.125        10           
error_attr: height, error_value: .0095

4805 F            0.38         0.305        0.095        0.2815       0.1255       0.0525       0.09         ***          
4805 F            0.38         0.305        0.095        0.2815       0.1255       0.0525       0.09         8            
error_attr: rings, error_value: ***

4808 I            0.475        0.365        0j.115       0.49         0.223        0.1235       0.1335       9            
4808 I            0.475        0.365        0.115        0.49         0.223        0.1235       0.1335       9            
error_attr: height, error_value: 0j.115

5008 M            0.415        0.305        0.1          0.325        0.156        0.0505       0.091        a6           
5008 M            0.415        0.305        0.1          0.325        0.156        0.0505       0.091        6            
error_attr: rings, error_value: a6

5311 M            0.57         0.46         01.5         1.0375       0.5415       0.2035       0.25         9            
5311 M            0.57         0.46         0.15         1.0375       0.5415       0.2035       0.25         9            
error_attr: height, error_value: 01.5

5356 F            0.65         0.5          .19          1.464        0.6415       0.339        0.4245       9            
5356 F            0.65         0.5          0.19         1.464        0.6415       0.339        0.4245       9            
error_attr: height, error_value: .19

6309 M            0.32         0.235        0.08         0.18         0.08         0.0385       0.055        6            
6309 M            0.32         0.24         0.08         0.18         0.08         0.0385       0.055        6            
error_attr: diameter, error_value: 0.235

6625 I            0.275        0.205        0.08         0.096        0.036        0.0185       0.03         9            
6625 I            0.275        0.205        0.08         0.096        0.036        0.0185       0.03         6            
error_attr: rings, error_value: 9

6762 M            0.54         0.435        014          0.7345       0.33         0.1595       0.213        9            
6762 M            0.54         0.435        0.14         0.7345       0.33         0.1595       0.213        9            
error_attr: height, error_value: 014

6898 I            0.37         0.275        0.09         0.2065       0.0725       0.0395       0.058        7            
6898 I            0.37         0.275        0.09         0.2065       0.096        0.0395       0.058        7            
error_attr: whucked, error_value: 0.0725

6905 I            0.405        0.305        0.1          0.271        0.0965       0.061        0.091        w7           
6905 I            0.405        0.305        0.1          0.271        0.0965       0.061        0.091        7            
error_attr: rings, error_value: w7

6915 I            0.445        0.36         .011         0.4235       0.182        0.0765       0.14         9            
6915 I            0.445        0.36         0.11         0.4235       0.182        0.0765       0.14         9            
error_attr: height, error_value: .011

6953 I            0.585        0.46         0.415        0.8465       0.339        0.167        0.295        10           
6953 I            0.585        0.46         0.145        0.8465       0.339        0.167        0.295        10           
error_attr: height, error_value: 0.415

6954 M            0.585        0.465        j0.165       0.885        0.4025       0.1625       0.274        10           
6954 M            0.585        0.465        0.165        0.885        0.4025       0.1625       0.274        10           
error_attr: height, error_value: j0.165

7082 I            0.575        0.455        0p.16        0.9895       0.495        0.195        0.246        9            
7082 I            0.575        0.455        0.16         0.9895       0.495        0.195        0.246        9            
error_attr: height, error_value: 0p.16

7598 F            0.595        0.475        0.165        1.148        0.444        0.22         0.37         10           
7598 F            0.595        0.475        0.165        1.148        0.444        0.214        0.37         10           
error_attr: viscera, error_value: 0.22

7650 I            0.165        0.12         0.035        0.021        0.0075       0.0045       0.014        3            
7650 I            0.165        0.12         0.05         0.021        0.0075       0.0045       0.014        3            
error_attr: height, error_value: 0.035

7775 M            0.685        0.53         0.17         1.56         0.647        0.383        0.465        10           
7775 M            0.685        0.53         0.17         1.56         0.647        0.383        0.465        11           
error_attr: rings, error_value: 10

7789 F            0.59         0.465        017          1.0425       0.4635       0.24         0.27         10           
7789 F            0.59         0.465        0.17         1.0425       0.4635       0.24         0.27         10           
error_attr: height, error_value: 017

7906 I            0.51         0.375        .015         0.8415       0.3845       0.156        0.255        10           
7906 I            0.51         0.375        0.15         0.8415       0.3845       0.156        0.255        10           
error_attr: height, error_value: .015

8246 I            0.41         0.305        0.1          0.2645       0.1          0.0655       0.085                     
8246 I            0.41         0.305        0.1          0.2645       0.1          0.0655       0.085        7            
error_attr: rings, error_value: 


