240 I            0.16         0.12         0.05         0.021        0.0075       0.0045       0.005        5            
240 I            0.16         0.12         0.035        0.021        0.0075       0.0045       0.005        5            
error_attr: height, error_value: 0.05

986 M            0.57         0.45         0.155        0.8445       0.513        0.21         0.343        10           
986 M            0.57         0.45         0.155        1.1935       0.513        0.21         0.343        10           
error_attr: whole, error_value: 0.8445

1150 F            0.58         0.45         0.155        0.93         0.385        0.246        0.22         9            
1150 F            0.58         0.45         0.155        0.93         0.385        0.246        0.265        9            
error_attr: shell, error_value: 0.22

1301 I            0.53         0.425        0.13         0.677        0.419        0.1205       0.21         9            
1301 I            0.53         0.425        0.13         0.7675       0.419        0.1205       0.21         9            
error_attr: whole, error_value: 0.677

1313 F            0.55         0.405        0.125        0.7635       0.2965       0.137        0.2          9            
1313 F            0.55         0.405        0.125        0.651        0.2965       0.137        0.2          9            
error_attr: whole, error_value: 0.7635

1376 F            0.615        0.475        0.155        1.012        0.484        0.2115       0.355        10           
1376 F            0.615        0.475        0.155        1.115        0.484        0.2115       0.355        10           
error_attr: whole, error_value: 1.012

1734 M            0.665        0.5          0.175        1.2975       0.6075       0.314        0.3595       9            
1734 M            0.665        0.5          0.175        1.2975       0.6075       0.314        0.315        9            
error_attr: shell, error_value: 0.3595

2588 F            0.57         0.445        0.15         0.9875       0.504        0.185        0.2505       9            
2588 F            0.57         0.445        0.15         0.995        0.504        0.185        0.2505       9            
error_attr: whole, error_value: 0.9875

2658 F            0.545        0.4          0.14         0.686        0.368        0.215        0.18         9            
2658 F            0.545        0.4          0.14         0.778        0.368        0.215        0.18         9            
error_attr: whole, error_value: 0.686

3048 M            0.575        0.435        0.165        0.9765       0.4525       0.2395       0.235        9            
3048 M            0.59         0.435        0.165        0.9765       0.4525       0.2395       0.235        9            
error_attr: length, error_value: 0.575

3129 F            0.63         0.495        0.19         1.012        0.536        0.2115       0.1625       10           
3129 F            0.63         0.495        0.19         1.1655       0.536        0.2115       0.1625       10           
error_attr: whole, error_value: 1.012

3206 M            0.36         0.265        0.095        0.1975       0.0795       0.0375       0.07         9            
3206 M            0.335        0.265        0.095        0.1975       0.0795       0.0375       0.07         9            
error_attr: length, error_value: 0.36

3364 I            0.54         0.405        0.15         0.9115       0.307        0.2075       0.19         10           
3364 I            0.54         0.405        0.15         0.7585       0.307        0.2075       0.19         10           
error_attr: whole, error_value: 0.9115

3535 I            0.4          0.315        0.09         0.3245       0.151        0.068        0.08         6            
3535 I            0.4          0.315        0.09         0.33         0.151        0.068        0.08         6            
error_attr: whole, error_value: 0.3245

3656 M            0.53         0.41         0.125        0.781        0.346        0.173        0.215        9            
3656 M            0.53         0.41         0.125        0.769        0.346        0.173        0.215        9            
error_attr: whole, error_value: 0.781

3684 M            0.62         0.525        0.155        1.085        0.454        0.2445       0.35         10           
3684 M            0.62         0.525        0.155        1.085        0.454        0.1965       0.35         10           
error_attr: viscera, error_value: 0.2445

3691 M            0.64         0.5          0.175        1.273        0.564        0.2925       0.405        13           
3691 M            0.64         0.5          0.175        1.273        0.5065       0.2925       0.405        13           
error_attr: whucked, error_value: 0.564

3886 I            0.41         0.33         0.105        0.335        0.156        0.074        0.11         7            
3886 I            0.41         0.33         0.105        0.335        0.1525       0.074        0.11         7            
error_attr: whucked, error_value: 0.156

3953 I            0.315        0.24         0.08         0.18         0.08         0.045        0.047        5            
3953 I            0.315        0.235        0.08         0.18         0.08         0.045        0.047        5            
error_attr: diameter, error_value: 0.24

4024 I            0.275        0.2          0.07         0.096        0.037        0.0225       0.03         9            
4024 I            0.275        0.2          0.07         0.096        0.037        0.0225       0.03         6            
error_attr: rings, error_value: 9

4045 F            0.58         0.425        0.155        0.873        0.3615       0.183        0.239        10           
4045 F            0.58         0.425        0.155        0.873        0.3615       0.249        0.239        10           
error_attr: viscera, error_value: 0.183

4074 I            0.515        0.395        0.125        0.5805       0.244        0.1075       0.19         9            
4074 I            0.515        0.395        0.125        0.5805       0.2365       0.1075       0.19         9            
error_attr: whucked, error_value: 0.244

4174 M            0.59         0.44         0.135        0.966        0.439        0.2455       0.2605       10           
4174 M            0.59         0.44         0.135        0.966        0.439        0.2145       0.2605       10           
error_attr: viscera, error_value: 0.2455

4265 M            0.56         0.44         0.16         0.9115       0.3305       0.2075       0.26         10           
4265 M            0.56         0.44         0.16         0.8645       0.3305       0.2075       0.26         10           
error_attr: whole, error_value: 0.9115

4271 F            0.625        0.495        01.65        1.262        0.507        0.318        0.39         10           
4271 F            0.625        0.495        0.165        1.262        0.507        0.318        0.39         10           
error_attr: height, error_value: 01.65

4274 M            0.535        0.435        015          0.725        0.269        0.1385       0.25         9            
4274 M            0.535        0.435        0.15         0.725        0.269        0.1385       0.25         9            
error_attr: height, error_value: 015

4296 F            0.56         0.43         0.51         0.8825       0.3465       0.172        0.31         9            
4296 F            0.56         0.43         0.15         0.8825       0.3465       0.172        0.31         9            
error_attr: height, error_value: 0.51

4325 I            0.28         0.205        0.08         0.127        0.052        0.039        0.042        n9           
4325 I            0.28         0.205        0.08         0.127        0.052        0.039        0.042        9            
error_attr: rings, error_value: n9

4354 I            0.315        0.21         0.06         0.125        0.06         0.0375       0.035                     
4354 I            0.315        0.21         0.06         0.125        0.06         0.0375       0.035        5            
error_attr: rings, error_value: 

4365 F            0.63         0.5          .0185        1.383        0.54         0.3315       0.38         10           
4365 F            0.63         0.5          0.185        1.383        0.54         0.3315       0.38         10           
error_attr: height, error_value: .0185

4400 F            0.49         0.375        0.51         0.5755       0.22         0.144        0.19         9            
4400 F            0.49         0.375        0.15         0.5755       0.22         0.144        0.19         9            
error_attr: height, error_value: 0.51

4411 I            0.275        0.215        0.075        0.1155       0.0485       0.029        0.035                     
4411 I            0.275        0.215        0.075        0.1155       0.0485       0.029        0.035        7            
error_attr: rings, error_value: 

4446 M            0.47         0.39         0.51         0.6355       0.2185       0.0885       0.255        9            
4446 M            0.47         0.39         0.15         0.6355       0.2185       0.0885       0.255        9            
error_attr: height, error_value: 0.51

4473 I            0.295        0.215        0.085        0.128        0.049        0.034        0.04         z6           
4473 I            0.295        0.215        0.085        0.128        0.049        0.034        0.04         6            
error_attr: rings, error_value: z6

4474 I            0.275        0.205        0.075        0.1105       0.045        0.0285       0.035        p6           
4474 I            0.275        0.205        0.075        0.1105       0.045        0.0285       0.035        6            
error_attr: rings, error_value: p6

4475 I            0.28         0.21         0.085        0.1065       0.039        0.0295       0.03         y4           
4475 I            0.28         0.21         0.085        0.1065       0.039        0.0295       0.03         4            
error_attr: rings, error_value: y4

4498 I            0.265        0.21         0.06         0.0965       0.0425       0.022        0.03         b5           
4498 I            0.265        0.21         0.06         0.0965       0.0425       0.022        0.03         5            
error_attr: rings, error_value: b5

4501 I            0.265        0.205        0.07         0.1055       0.039        0.041        0.035        r5           
4501 I            0.265        0.205        0.07         0.1055       0.039        0.041        0.035        5            
error_attr: rings, error_value: r5

4716 M            0.275        0.205        0.07         0.094        0.0335       0.02         0.0325                    
4716 M            0.275        0.205        0.07         0.094        0.0335       0.02         0.0325       5            
error_attr: rings, error_value: 

4721 M            0.445        0.35         0.115        0.421        0.1565       0.0695       0.117        8            
4721 M            0.445        0.35         0.115        0.3615       0.1565       0.0695       0.117        8            
error_attr: whole, error_value: 0.421

4746 M            0.28         0.21         0.08         0.1085       0.041        0.0265       0.0345       f7           
4746 M            0.28         0.21         0.08         0.1085       0.041        0.0265       0.0345       7            
error_attr: rings, error_value: f7

4824 M            0.33         0.215        0.075        0.1145       0.045        0.0265       0.035                     
4824 M            0.33         0.215        0.075        0.1145       0.045        0.0265       0.035        6            
error_attr: rings, error_value: 

4825 M            0.48         0.375        .145         0.777        0.216        0.13         0.17         9            
4825 M            0.48         0.375        0.145        0.777        0.216        0.13         0.17         9            
error_attr: height, error_value: .145

4833 M            0.295        0.215        0.075        0.129        0.05         0.0295       0.04         ***          
4833 M            0.295        0.215        0.075        0.129        0.05         0.0295       0.04         7            
error_attr: rings, error_value: ***

4875 M            0.28         0.205        0.1          0.1165       0.0545       0.0285       0.03                      
4875 M            0.28         0.205        0.1          0.1165       0.0545       0.0285       0.03         5            
error_attr: rings, error_value: 

4894 I            0.29         0.205        0.07         0.0975       0.036        0.019        0.035                     
4894 I            0.29         0.205        0.07         0.0975       0.036        0.019        0.035        8            
error_attr: rings, error_value: 

4945 M            0.345        0.27         0.095        0.197        0.0665       0.05         0.06         9            
4945 M            0.345        0.27         0.095        0.197        0.0665       0.05         0.07         9            
error_attr: shell, error_value: 0.06

4984 I            0.28         0.205        0.07         0.1015       0.041        0.03         0.03         ***          
4984 I            0.28         0.205        0.07         0.1015       0.041        0.03         0.03         6            
error_attr: rings, error_value: ***

5029 M            0.555        0.435        01.45        0.9685       0.4985       0.168        0.2385       9            
5029 M            0.555        0.435        0.145        0.9685       0.4985       0.168        0.2385       9            
error_attr: height, error_value: 01.45

5055 F            0.635        0.5          01.5         1.376        0.6495       0.361        0.31         10           
5055 F            0.635        0.5          0.15         1.376        0.6495       0.361        0.31         10           
error_attr: height, error_value: 01.5

5080 I            0.305        0.22         0.07         0.141        0.062        0.031        0.037        ***          
5080 I            0.305        0.22         0.07         0.141        0.062        0.031        0.037        5            
error_attr: rings, error_value: ***

5103 I            0.43         0.325        0.1          0.3645       0.1575       0.0825       0.105        9            
5103 I            0.43         0.325        0.1          0.3645       0.1575       0.0825       0.105        7            
error_attr: rings, error_value: 9

5150 F            0.525        0.415        0.14         0.724        0.3105       0.173        0.175        8            
5150 F            0.525        0.415        0.14         0.724        0.3475       0.173        0.175        8            
error_attr: whucked, error_value: 0.3105

5207 F            0.645        0.5          h0.16        1.2465       0.5475       0.327        0.3          10           
5207 F            0.645        0.5          0.16         1.2465       0.5475       0.327        0.3          10           
error_attr: height, error_value: h0.16

5211 M            0.65         0.525        .0185        1.622        0.6645       0.3225       0.477        10           
5211 M            0.65         0.525        0.185        1.622        0.6645       0.3225       0.477        10           
error_attr: height, error_value: .0185

5213 F            0.655        0.51         .175         1.6525       0.8515       0.3365       0.403        10           
5213 F            0.655        0.51         0.175        1.6525       0.8515       0.3365       0.403        10           
error_attr: height, error_value: .175

5216 M            0.66         0.495        0.159        1.6275       0.594        0.3595       0.485        10           
5216 M            0.66         0.495        0.195        1.6275       0.594        0.3595       0.485        10           
error_attr: height, error_value: 0.159

5228 F            0.715        0.525        0.185        1.56         0.6655       0.383        0.405        10           
5228 F            0.715        0.525        0.185        1.56         0.6655       0.383        0.405        11           
error_attr: rings, error_value: 10

5240 I            0.28         0.21         0.085        0.1075       0.0415       0.024        0.034        t5           
5240 I            0.28         0.21         0.085        0.1075       0.0415       0.024        0.034        5            
error_attr: rings, error_value: t5

5241 I            0.285        0.22         0.065        0.096        0.0405       0.0205       0.03         ***          
5241 I            0.285        0.22         0.065        0.096        0.0405       0.0205       0.03         5            
error_attr: rings, error_value: ***

5287 M            0.52         0.4          0145         0.7765       0.3525       0.1845       0.185        9            
5287 M            0.52         0.4          0.145        0.7765       0.3525       0.1845       0.185        9            
error_attr: height, error_value: 0145

5304 M            0.56         0.43         0.415        0.8995       0.464        0.1775       0.234        9            
5304 M            0.56         0.43         0.145        0.8995       0.464        0.1775       0.234        9            
error_attr: height, error_value: 0.415

5321 M            0.575        0.445        0z.145       0.847        0.415        0.1945       0.22         9            
5321 M            0.575        0.445        0.145        0.847        0.415        0.1945       0.22         9            
error_attr: height, error_value: 0z.145

5328 M            0.585        0.46         0.415        0.9335       0.478        0.1825       0.235        9            
5328 M            0.585        0.46         0.145        0.9335       0.478        0.1825       0.235        9            
error_attr: height, error_value: 0.415

5336 M            0.605        0.475        0.4          1.1175       0.555        0.257        0.274        9            
5336 M            0.605        0.475        0.14         1.1175       0.555        0.257        0.274        9            
error_attr: height, error_value: 0.4

5340 M            0.61         0.485        k0.145       1.3305       0.783        0.2255       0.2865       9            
5340 M            0.61         0.485        0.145        1.3305       0.783        0.2255       0.2865       9            
error_attr: height, error_value: k0.145

5353 M            0.64         0.515        0q.165       1.369        0.632        0.3415       0.358        10           
5353 M            0.64         0.515        0.165        1.369        0.632        0.3415       0.358        10           
error_attr: height, error_value: 0q.165

5359 F            0.655        0.51         .0175        1.415        0.5885       0.3725       0.364        10           
5359 F            0.655        0.51         0.175        1.415        0.5885       0.3725       0.364        10           
error_attr: height, error_value: .0175

5365 M            0.685        0.52         0.156        1.519        0.699        0.3685       0.4          10           
5365 M            0.685        0.52         0.165        1.519        0.699        0.3685       0.4          10           
error_attr: height, error_value: 0.156

5369 M            0.695        0.56         .185         1.74         0.885        0.3715       0.4375       10           
5369 M            0.695        0.56         0.185        1.74         0.885        0.3715       0.4375       10           
error_attr: height, error_value: .185

5393 I            0.305        0.215        0.065        0.1075       0.044        0.0205       0.038        e5           
5393 I            0.305        0.215        0.065        0.1075       0.044        0.0205       0.038        5            
error_attr: rings, error_value: e5

5399 I            0.33         0.205        0.095        0.1595       0.077        0.032        0.0435       ***          
5399 I            0.33         0.205        0.095        0.1595       0.077        0.032        0.0435       5            
error_attr: rings, error_value: ***

5461 I            0.5          0.375        0.1r45       0.5795       0.239        0.1375       0.185        9            
5461 I            0.5          0.375        0.145        0.5795       0.239        0.1375       0.185        9            
error_attr: height, error_value: 0.1r45

5482 M            0.535        0.435        015          0.717        0.3475       0.1445       0.194        9            
5482 M            0.535        0.435        0.15         0.717        0.3475       0.1445       0.194        9            
error_attr: height, error_value: 015

5486 F            0.545        0.445        015          0.8          0.3535       0.163        0.207        9            
5486 F            0.545        0.445        0.15         0.8          0.3535       0.163        0.207        9            
error_attr: height, error_value: 015

5491 M            0.55         0.43         0.51         0.8745       0.413        0.1905       0.248        9            
5491 M            0.55         0.43         0.15         0.8745       0.413        0.1905       0.248        9            
error_attr: height, error_value: 0.51

5497 I            0.555        0.425        0.154        0.7905       0.3485       0.1765       0.225        9            
5497 I            0.555        0.425        0.145        0.7905       0.3485       0.1765       0.225        9            
error_attr: height, error_value: 0.154

5499 I            0.56         0.425        0.45         0.688        0.3095       0.1305       0.2165       9            
5499 I            0.56         0.425        0.145        0.688        0.3095       0.1305       0.2165       9            
error_attr: height, error_value: 0.45

5500 F            0.56         0.445        0.55         1.224        0.5565       0.3225       0.2695       10           
5500 F            0.56         0.445        0.155        1.224        0.5565       0.3225       0.2695       10           
error_attr: height, error_value: 0.55

5501 I            0.56         0.455        .145         0.974        0.547        0.1615       0.235        9            
5501 I            0.56         0.455        0.145        0.974        0.547        0.1615       0.235        9            
error_attr: height, error_value: .145

5543 M            0.61         0.475        0.17         1.0265       0.435        0.201        0.3035       10           
5543 M            0.61         0.475        0.17         1.0265       0.435        0.2335       0.3035       10           
error_attr: viscera, error_value: 0.201

5575 M            0.645        0.5          0.95         1.401        0.6165       0.3515       0.3725       10           
5575 M            0.645        0.5          0.195        1.401        0.6165       0.3515       0.3725       10           
error_attr: height, error_value: 0.95

5581 F            0.65         0.51         017          1.567        0.7245       0.349        0.391        10           
5581 F            0.65         0.51         0.17         1.567        0.7245       0.349        0.391        10           
error_attr: height, error_value: 017

5582 F            0.655        0.525        j0.19        1.3595       0.564        0.3215       0.3985       10           
5582 F            0.655        0.525        0.19         1.3595       0.564        0.3215       0.3985       10           
error_attr: height, error_value: j0.19

5586 F            0.66         0.495        0.12         1.548        0.724        0.3525       0.3925       10           
5586 F            0.66         0.495        0.21         1.548        0.724        0.3525       0.3925       10           
error_attr: height, error_value: 0.12

5588 F            0.665        0.53         .018         1.491        0.6345       0.342        0.435        10           
5588 F            0.665        0.53         0.18         1.491        0.6345       0.342        0.435        10           
error_attr: height, error_value: .018

5653 F            0.56         0.43         0.15         0.8745       0.413        0.161        0.22         8            
5653 F            0.56         0.43         0.15         0.8745       0.453        0.161        0.22         8            
error_attr: whucked, error_value: 0.413

5654 F            0.56         0.435        .15          0.8715       0.4755       0.1835       0.1835       9            
5654 F            0.56         0.435        0.15         0.8715       0.4755       0.1835       0.1835       9            
error_attr: height, error_value: .15

5675 M            0.625        0.52         0.157        1.4105       0.691        0.322        0.3465       10           
5675 M            0.625        0.52         0.175        1.4105       0.691        0.322        0.3465       10           
error_attr: height, error_value: 0.157

5677 M            0.63         0.47         0.45         1.1005       0.52         0.26         0.276        9            
5677 M            0.63         0.47         0.145        1.1005       0.52         0.26         0.276        9            
error_attr: height, error_value: 0.45

5685 F            0.645        0.515        0.715        1.546        0.7035       0.365        0.415        10           
5685 F            0.645        0.515        0.175        1.546        0.7035       0.365        0.415        10           
error_attr: height, error_value: 0.715

5688 F            0.65         0.545        0.157        1.5245       0.59         0.326        0.495        10           
5688 F            0.65         0.545        0.175        1.5245       0.59         0.326        0.495        10           
error_attr: height, error_value: 0.157

5694 M            0.66         0.505        0.65         1.374        0.589        0.351        0.345        10           
5694 M            0.66         0.505        0.165        1.374        0.589        0.351        0.345        10           
error_attr: height, error_value: 0.65

5695 F            0.665        0.515        01.8         1.389        0.5945       0.324        0.395        10           
5695 F            0.665        0.515        0.18         1.389        0.5945       0.324        0.395        10           
error_attr: height, error_value: 01.8

5710 I            0.285        0.21         0.055        0.101        0.0415       0.017        0.0335       ***          
5710 I            0.285        0.21         0.055        0.101        0.0415       0.017        0.0335       5            
error_attr: rings, error_value: ***

5711 I            0.295        0.215        0.07         0.121        0.047        0.0155       0.0405       j6           
5711 I            0.295        0.215        0.07         0.121        0.047        0.0155       0.0405       6            
error_attr: rings, error_value: j6

5767 I            0.52         0.41         .145         0.646        0.2965       0.1595       0.165        9            
5767 I            0.52         0.41         0.145        0.646        0.2965       0.1595       0.165        9            
error_attr: height, error_value: .145

5776 I            0.53         0.4          0.154        0.555        0.1935       0.1305       0.195        9            
5776 I            0.53         0.4          0.145        0.555        0.1935       0.1305       0.195        9            
error_attr: height, error_value: 0.154

5790 I            0.55         0.425        .15          0.639        0.269        0.1345       0.217        9            
5790 I            0.55         0.425        0.15         0.639        0.269        0.1345       0.217        9            
error_attr: height, error_value: .15

5801 F            0.565        0.44         0.1k5        0.863        0.435        0.149        0.27         9            
5801 F            0.565        0.44         0.15         0.863        0.435        0.149        0.27         9            
error_attr: height, error_value: 0.1k5

5840 F            0.605        0.455        0.c145       0.9775       0.468        0.1775       0.275        9            
5840 F            0.605        0.455        0.145        0.9775       0.468        0.1775       0.275        9            
error_attr: height, error_value: 0.c145

5842 I            0.605        0.47         0.s145       0.8025       0.379        0.2265       0.22         9            
5842 I            0.605        0.47         0.145        0.8025       0.379        0.2265       0.22         9            
error_attr: height, error_value: 0.s145

5862 I            0.62         0.47         01.4         0.8565       0.3595       0.16         0.295        9            
5862 I            0.62         0.47         0.14         0.8565       0.3595       0.16         0.295        9            
error_attr: height, error_value: 01.4

5892 F            0.645        0.51         0.z19        1.363        0.573        0.362        0.36         10           
5892 F            0.645        0.51         0.19         1.363        0.573        0.362        0.36         10           
error_attr: height, error_value: 0.z19

5905 M            0.66         0.53         0.19q5       1.5505       0.6505       0.3295       0.495        10           
5905 M            0.66         0.53         0.195        1.5505       0.6505       0.3295       0.495        10           
error_attr: height, error_value: 0.19q5

5915 F            0.67         0.55         v0.155       1.566        0.858        0.339        0.354        10           
5915 F            0.67         0.55         0.155        1.566        0.858        0.339        0.354        10           
error_attr: height, error_value: v0.155

5918 F            0.675        0.51         0.19g5       1.382        0.6045       0.3175       0.3965       10           
5918 F            0.675        0.51         0.195        1.382        0.6045       0.3175       0.3965       10           
error_attr: height, error_value: 0.19g5

5931 M            0.72         0.57         02           1.8275       0.919        0.366        0.485        10           
5931 M            0.72         0.57         0.2          1.8275       0.919        0.366        0.485        10           
error_attr: height, error_value: 02

5957 M            0.5          0.37         0.g15        1.0615       0.494        0.223        0.296        9            
5957 M            0.5          0.37         0.15         1.0615       0.494        0.223        0.296        9            
error_attr: height, error_value: 0.g15

5966 F            0.545        0.415        0.y2         1.358        0.567        0.318        0.403        10           
5966 F            0.545        0.415        0.2          1.358        0.567        0.318        0.403        10           
error_attr: height, error_value: 0.y2

5967 F            0.545        0.385        0m.15        1.1185       0.5425       0.2445       0.2845       9            
5967 F            0.545        0.385        0.15         1.1185       0.5425       0.2445       0.2845       9            
error_attr: height, error_value: 0m.15

5973 F            0.58         0.43         m0.17        1.48         0.6535       0.324        0.4155       10           
5973 F            0.58         0.43         0.17         1.48         0.6535       0.324        0.4155       10           
error_attr: height, error_value: m0.17

5979 M            0.605        0.475        0.15         1.13         0.575        0.232        0.297        10           
5979 M            0.605        0.475        0.15         1.15         0.575        0.232        0.297        10           
error_attr: whole, error_value: 1.13

5992 M            0.655        0.545        0r.19        1.4245       0.6325       0.333        0.378        10           
5992 M            0.655        0.545        0.19         1.4245       0.6325       0.333        0.378        10           
error_attr: height, error_value: 0r.19

5994 F            0.675        0.53         0.15         1.4465       0.6775       0.33         0.389        10           
5994 F            0.675        0.53         0.175        1.4465       0.6775       0.33         0.389        10           
error_attr: height, error_value: 0.15

6004 I            0.31         0.215        0.075        0.1275       0.0565       0.0275       0.036                     
6004 I            0.31         0.215        0.075        0.1275       0.0565       0.0275       0.036        7            
error_attr: rings, error_value: 

6006 I            0.35         0.265        0.08         0.2015       0.09         0.042        0.06         7            
6006 I            0.35         0.265        0.08         0.2          0.09         0.042        0.06         7            
error_attr: whole, error_value: 0.2015

6047 I            0.525        0.4          0145         0.6095       0.248        0.159        0.175        9            
6047 I            0.525        0.4          0.145        0.6095       0.248        0.159        0.175        9            
error_attr: height, error_value: 0145

6056 I            0.545        0.425        0.14         0.8145       0.305        0.1715       0.244        10           
6056 I            0.545        0.425        0.14         0.8145       0.305        0.231        0.244        10           
error_attr: viscera, error_value: 0.1715

6069 I            0.565        0.435        .145         0.8445       0.3975       0.158        0.255        9            
6069 I            0.565        0.435        0.145        0.8445       0.3975       0.158        0.255        9            
error_attr: height, error_value: .145

6083 I            0.575        0.45         0.135        0.8715       0.45         0.215        0.225        10           
6083 I            0.575        0.45         0.135        0.8715       0.45         0.162        0.225        10           
error_attr: viscera, error_value: 0.215

6086 M            0.575        0.475        0.14y5       0.857        0.3665       0.173        0.269        9            
6086 M            0.575        0.475        0.145        0.857        0.3665       0.173        0.269        9            
error_attr: height, error_value: 0.14y5

6098 F            0.605        0.455        0.154        0.862        0.334        0.1985       0.3          9            
6098 F            0.605        0.455        0.145        0.862        0.334        0.1985       0.3          9            
error_attr: height, error_value: 0.154

6151 M            0.68         0.54         0.1l55       1.534        0.671        0.379        0.384        10           
6151 M            0.68         0.54         0.155        1.534        0.671        0.379        0.384        10           
error_attr: height, error_value: 0.1l55

6158 F            0.705        0.535        0.x22        1.866        0.929        0.3835       0.4395       10           
6158 F            0.705        0.535        0.22         1.866        0.929        0.3835       0.4395       10           
error_attr: height, error_value: 0.x22

6167 I            0.28         0.21         0.075        0.1195       0.053        0.0265       0.03                      
6167 I            0.28         0.21         0.075        0.1195       0.053        0.0265       0.03         6            
error_attr: rings, error_value: 

6169 I            0.285        0.215        0.06         0.0935       0.031        0.023        0.03                      
6169 I            0.285        0.215        0.06         0.0935       0.031        0.023        0.03         6            
error_attr: rings, error_value: 

6170 I            0.29         0.21         0.07         0.1115       0.048        0.0205       0.03         ***          
6170 I            0.29         0.21         0.07         0.1115       0.048        0.0205       0.03         5            
error_attr: rings, error_value: ***

6171 I            0.29         0.21         0.06         0.1195       0.056        0.0235       0.03         ***          
6171 I            0.29         0.21         0.06         0.1195       0.056        0.0235       0.03         6            
error_attr: rings, error_value: ***

6172 I            0.29         0.21         0.065        0.097        0.0375       0.022        0.03         q6           
6172 I            0.29         0.21         0.065        0.097        0.0375       0.022        0.03         6            
error_attr: rings, error_value: q6

6200 F            0.53         0.43         0l.15        0.741        0.325        0.1855       0.196        9            
6200 F            0.53         0.43         0.15         0.741        0.325        0.1855       0.196        9            
error_attr: height, error_value: 0l.15

6205 M            0.565        0.445        0.154        0.9255       0.4345       0.212        0.2475       9            
6205 M            0.565        0.445        0.145        0.9255       0.4345       0.212        0.2475       9            
error_attr: height, error_value: 0.154

6214 I            0.255        0.19         0.06         0.086        0.042        0.0185       0.025        5            
6214 I            0.255        0.19         0.06         0.086        0.04         0.0185       0.025        5            
error_attr: whucked, error_value: 0.042

6216 I            0.28         0.215        0.08         0.132        0.072        0.022        0.033                     
6216 I            0.28         0.215        0.08         0.132        0.072        0.022        0.033        5            
error_attr: rings, error_value: 

6217 I            0.285        0.215        0.07         0.1075       0.051        0.0225       0.027                     
6217 I            0.285        0.215        0.07         0.1075       0.051        0.0225       0.027        6            
error_attr: rings, error_value: 

6260 F            0.665        0.525        0.12         1.644        0.818        0.3395       0.4275       10           
6260 F            0.665        0.525        0.21         1.644        0.818        0.3395       0.4275       10           
error_attr: height, error_value: 0.12

6263 F            0.705        0.57         .185         1.761        0.747        0.3725       0.488        10           
6263 F            0.705        0.57         0.185        1.761        0.747        0.3725       0.488        10           
error_attr: height, error_value: .185

6301 F            0.29         0.21         0.075        0.275        0.113        0.0675       0.035        ***          
6301 F            0.29         0.21         0.075        0.275        0.113        0.0675       0.035        6            
error_attr: rings, error_value: ***

6341 F            0.55         0.47         .015         0.897        0.377        0.184        0.29         9            
6341 F            0.55         0.47         0.15         0.897        0.377        0.184        0.29         9            
error_attr: height, error_value: .015

6348 M            0.285        0.21         0.075        0.1185       0.055        0.0285       0.04         x7           
6348 M            0.285        0.21         0.075        0.1185       0.055        0.0285       0.04         7            
error_attr: rings, error_value: x7

6373 I            0.26         0.215        0.08         0.099        0.037        0.0255       0.045        ***          
6373 I            0.26         0.215        0.08         0.099        0.037        0.0255       0.045        5            
error_attr: rings, error_value: ***

6402 F            0.55         0.425        0.45         0.797        0.297        0.15         0.265        9            
6402 F            0.55         0.425        0.145        0.797        0.297        0.15         0.265        9            
error_attr: height, error_value: 0.45

6407 M            0.37         0.28         0.095        0.2225       0.0875       0.051        0.075        7            
6407 M            0.37         0.28         0.095        0.2225       0.0805       0.051        0.075        7            
error_attr: whucked, error_value: 0.0875

6419 F            0.435        0.32         0.12         0.378        0.152        0.0915       0.125        11           
6419 F            0.435        0.32         0.12         0.3785       0.152        0.0915       0.125        11           
error_attr: whole, error_value: 0.378

6464 F            0.5          0.395        0.51         0.7145       0.3235       0.173        0.195        9            
6464 F            0.5          0.395        0.15         0.7145       0.3235       0.173        0.195        9            
error_attr: height, error_value: 0.51

6556 I            0.415        0.325        0.115        0.3455       0.1405       0.051        0.106        12           
6556 I            0.415        0.325        0.115        0.3285       0.1405       0.051        0.106        12           
error_attr: whole, error_value: 0.3455

6617 F            0.345        0.255        0.1          0.197        0.071        0.051        0.07         9            
6617 F            0.345        0.255        0.1          0.197        0.071        0.051        0.06         9            
error_attr: shell, error_value: 0.07

6625 I            0.275        0.205        0.08         0.096        0.036        0.0185       0.03         ***          
6625 I            0.275        0.205        0.08         0.096        0.036        0.0185       0.03         6            
error_attr: rings, error_value: ***

6680 I            0.285        0.21         0.07         0.109        0.044        0.0265       0.033                     
6680 I            0.285        0.21         0.07         0.109        0.044        0.0265       0.033        5            
error_attr: rings, error_value: 

6721 F            0.7          0.525        0.9          1.6015       0.707        0.365        0.43         10           
6721 F            0.7          0.525        0.19         1.6015       0.707        0.365        0.43         10           
error_attr: height, error_value: 0.9

6727 I            0.28         0.21         0.055        0.106        0.0415       0.0265       0.031        ***          
6727 I            0.28         0.21         0.055        0.106        0.0415       0.0265       0.031        5            
error_attr: rings, error_value: ***

6729 I            0.295        0.22         0.07         0.126        0.0515       0.0275       0.035                     
6729 I            0.295        0.22         0.07         0.126        0.0515       0.0275       0.035        6            
error_attr: rings, error_value: 

6788 F            0.63         0.495        .0145        1.147        0.5455       0.266        0.2885       9            
6788 F            0.63         0.495        0.145        1.147        0.5455       0.266        0.2885       9            
error_attr: height, error_value: .0145

6805 I            0.275        0.205        0.07         0.1055       0.495        0.019        0.0315       x5           
6805 I            0.275        0.205        0.07         0.1055       0.495        0.019        0.0315       5            
error_attr: rings, error_value: x5

6806 I            0.29         0.21         0.06         0.1045       0.0415       0.022        0.035        ***          
6806 I            0.29         0.21         0.06         0.1045       0.0415       0.022        0.035        5            
error_attr: rings, error_value: ***

6841 M            0.57         0.45         0.135        1.02         0.546        0.204        0.29         9            
6841 M            0.57         0.45         0.135        1.02         0.546        0.204        0.25         9            
error_attr: shell, error_value: 0.29

6882 M            0.7          0.525        0175         1.7585       0.8745       0.3615       0.47         10           
6882 M            0.7          0.525        0.175        1.7585       0.8745       0.3615       0.47         10           
error_attr: height, error_value: 0175

6892 I            0.29         0.215        0.065        0.0985       0.0425       0.021        0.031        j5           
6892 I            0.29         0.215        0.065        0.0985       0.0425       0.021        0.031        5            
error_attr: rings, error_value: j5

6914 I            0.43         0.34         0.11         0.3645       0.159        0.0855       0.105        9            
6914 I            0.43         0.34         0.11         0.3645       0.159        0.0855       0.105        7            
error_attr: rings, error_value: 9

6942 I            0.55         0.465        .15          0.936        0.481        0.174        0.2435       9            
6942 I            0.55         0.465        0.15         0.936        0.481        0.174        0.2435       9            
error_attr: height, error_value: .15

6955 I            0.585        0.42         .145         0.6735       0.2895       0.1345       0.22         9            
6955 I            0.585        0.42         0.145        0.6735       0.2895       0.1345       0.22         9            
error_attr: height, error_value: .145

6957 M            0.59         0.47         0.45         0.9235       0.4545       0.173        0.254        9            
6957 M            0.59         0.47         0.145        0.9235       0.4545       0.173        0.254        9            
error_attr: height, error_value: 0.45

6962 M            0.6          0.45         0.14r5       0.877        0.4325       0.155        0.24         9            
6962 M            0.6          0.45         0.145        0.877        0.4325       0.155        0.24         9            
error_attr: height, error_value: 0.14r5

6967 F            0.62         0.465        0.q14        1.1605       0.6005       0.2195       0.307        9            
6967 F            0.62         0.465        0.14         1.1605       0.6005       0.2195       0.307        9            
error_attr: height, error_value: 0.q14

7001 I            0.455        0.35         0.105        0.4745       0.213        0.107        0.1115       7            
7001 I            0.455        0.35         0.105        0.4445       0.213        0.107        0.1115       7            
error_attr: whole, error_value: 0.4745

7011 F            0.54         0.415        0.15         0.8115       0.3875       0.1875       0.2235       9            
7011 F            0.54         0.415        0.15         0.8115       0.3875       0.1875       0.2035       9            
error_attr: shell, error_value: 0.2235

7038 F            0.72         0.55         0.8          1.52         0.637        0.325        0.435        10           
7038 F            0.72         0.55         0.18         1.52         0.637        0.325        0.435        10           
error_attr: height, error_value: 0.8

7044 I            0.32         0.205        0.08         0.181        0.088        0.034        0.0495                    
7044 I            0.32         0.205        0.08         0.181        0.088        0.034        0.0495       5            
error_attr: rings, error_value: 

7065 I            0.51         0.4          .145         0.5775       0.231        0.143        0.177        9            
7065 I            0.51         0.4          0.145        0.5775       0.231        0.143        0.177        9            
error_attr: height, error_value: .145

7098 M            0.6          0.45         0.95         1.34         0.617        0.3255       0.3605       10           
7098 M            0.6          0.45         0.195        1.34         0.617        0.3255       0.3605       10           
error_attr: height, error_value: 0.95

7113 M            0.62         0.475        0.915        1.3585       0.5935       0.3365       0.3745       10           
7113 M            0.62         0.475        0.195        1.3585       0.5935       0.3365       0.3745       10           
error_attr: height, error_value: 0.915

7153 I            0.32         0.215        0.095        0.305        0.14         0.067        0.0885                    
7153 I            0.32         0.215        0.095        0.305        0.14         0.067        0.0885       6            
error_attr: rings, error_value: 

7165 M            0.555        0.405        0.91         1.406        0.6115       0.342        0.389        10           
7165 M            0.555        0.405        0.19         1.406        0.6115       0.342        0.389        10           
error_attr: height, error_value: 0.91

7166 M            0.555        0.425        0.51         0.873        0.4625       0.1845       0.1965       9            
7166 M            0.555        0.425        0.15         0.873        0.4625       0.1845       0.1965       9            
error_attr: height, error_value: 0.51

7210 I            0.535        0.42         i0.145       0.6885       0.273        0.1515       0.237        9            
7210 I            0.535        0.42         0.145        0.6885       0.273        0.1515       0.237        9            
error_attr: height, error_value: i0.145

7215 M            0.56         0.45         0.154        0.894        0.3885       0.2095       0.264        9            
7215 M            0.56         0.45         0.145        0.894        0.3885       0.2095       0.264        9            
error_attr: height, error_value: 0.154

7255 M            0.685        0.51         0.156        1.545        0.686        0.3775       0.4055       10           
7255 M            0.685        0.51         0.165        1.545        0.686        0.3775       0.4055       10           
error_attr: height, error_value: 0.156

7282 M            0.66         0.525        .02          1.489        0.6065       0.3795       0.421        10           
7282 M            0.66         0.525        0.2          1.489        0.6065       0.3795       0.421        10           
error_attr: height, error_value: .02

7283 I            0.29         0.215        0.06         0.1115       0.053        0.0185       0.032        j5           
7283 I            0.29         0.215        0.06         0.1115       0.053        0.0185       0.032        5            
error_attr: rings, error_value: j5

7284 I            0.3          0.22         0.065        0.1235       0.059        0.026        0.0315       ***          
7284 I            0.3          0.22         0.065        0.1235       0.059        0.026        0.0315       5            
error_attr: rings, error_value: ***

7310 F            0.685        0.53         .017         1.5105       0.7385       0.3525       0.3725       10           
7310 F            0.685        0.53         0.17         1.5105       0.7385       0.3525       0.3725       10           
error_attr: height, error_value: .017

7328 F            0.655        0.505        01.65        1.367        0.5835       0.3515       0.396        10           
7328 F            0.655        0.505        0.165        1.367        0.5835       0.3515       0.396        10           
error_attr: height, error_value: 01.65

7339 F            0.335        0.22         0.07         0.17         0.076        0.0365       0.05         ***          
7339 F            0.335        0.22         0.07         0.17         0.076        0.0365       0.05         6            
error_attr: rings, error_value: ***

7384 I            0.295        0.215        0.075        0.116        0.037        0.0295       0.04         y8           
7384 I            0.295        0.215        0.075        0.116        0.037        0.0295       0.04         8            
error_attr: rings, error_value: y8

7536 M            0.285        0.215        0.075        0.106        0.0415       0.023        0.035        l5           
7536 M            0.285        0.215        0.075        0.106        0.0415       0.023        0.035        5            
error_attr: rings, error_value: l5

7541 I            0.54         0.405        0.15         0.8645       0.307        0.2075       0.19         10           
7541 I            0.54         0.405        0.15         0.7585       0.307        0.2075       0.19         10           
error_attr: whole, error_value: 0.8645

7544 M            0.28         0.21         0.065        0.0905       0.035        0.02         0.03                      
7544 M            0.28         0.21         0.065        0.0905       0.035        0.02         0.03         5            
error_attr: rings, error_value: 

7557 I            0.295        0.21         0.08         0.1          0.038        0.026        0.031        ***          
7557 I            0.295        0.21         0.08         0.1          0.038        0.026        0.031        8            
error_attr: rings, error_value: ***

7603 F            0.65         0.545        0.815        1.5055       0.6565       0.341        0.43         10           
7603 F            0.65         0.545        0.185        1.5055       0.6565       0.341        0.43         10           
error_attr: height, error_value: 0.815

7607 I            0.28         0.21         0.065        0.111        0.0425       0.0285       0.03         ***          
7607 I            0.28         0.21         0.065        0.111        0.0425       0.0285       0.03         6            
error_attr: rings, error_value: ***

7645 M            0.66         0.525        .18          1.478        0.5815       0.381        0.372        10           
7645 M            0.66         0.525        0.18         1.478        0.5815       0.381        0.372        10           
error_attr: height, error_value: .18

7675 F            0.585        0.45         0.1c45       0.9835       0.4845       0.242        0.22         9            
7675 F            0.585        0.45         0.145        0.9835       0.4845       0.242        0.22         9            
error_attr: height, error_value: 0.1c45

7692 M            0.67         0.525        0.81         1.6615       0.8005       0.3645       0.43         10           
7692 M            0.67         0.525        0.18         1.6615       0.8005       0.3645       0.43         10           
error_attr: height, error_value: 0.81

7697 M            0.715        0.545        0.81         1.7405       0.871        0.347        0.449        10           
7697 M            0.715        0.545        0.18         1.7405       0.871        0.347        0.449        10           
error_attr: height, error_value: 0.81

7701 I            0.26         0.205        0.07         0.097        0.0415       0.019        0.0305                    
7701 I            0.26         0.205        0.07         0.097        0.0415       0.019        0.0305       4            
error_attr: rings, error_value: 

7727 I            0.5          0.365        0.125        0.528        0.229        0.103        0.14         9            
7727 I            0.5          0.365        0.125        0.528        0.229        0.103        0.1645       9            
error_attr: shell, error_value: 0.14

7757 F            0.6          0.485        .0145        0.776        0.3545       0.1585       0.239        9            
7757 F            0.6          0.485        0.145        0.776        0.3545       0.1585       0.239        9            
error_attr: height, error_value: .0145

7775 M            0.685        0.53         0.17         1.56         0.647        0.383        0.465        10           
7775 M            0.685        0.53         0.17         1.56         0.647        0.383        0.465        11           
error_attr: rings, error_value: 10

7801 M            0.66         0.53         y0.175       1.583        0.7395       0.3505       0.405        10           
7801 M            0.66         0.53         0.175        1.583        0.7395       0.3505       0.405        10           
error_attr: height, error_value: y0.175

7803 F            0.67         0.525        0.15         1.42         0.573        0.368        0.3905       10           
7803 F            0.67         0.525        0.195        1.42         0.573        0.368        0.3905       10           
error_attr: height, error_value: 0.15

7804 M            0.69         0.53         0.1d9        1.5955       0.678        0.331        0.48         10           
7804 M            0.69         0.53         0.19         1.5955       0.678        0.331        0.48         10           
error_attr: height, error_value: 0.1d9

7811 I            0.3          0.22         0.065        0.1195       0.052        0.0155       0.035        n5           
7811 I            0.3          0.22         0.065        0.1195       0.052        0.0155       0.035        5            
error_attr: rings, error_value: n5

7842 I            0.555        0.43         0.1d5        0.783        0.345        0.1755       0.247        9            
7842 I            0.555        0.43         0.15         0.783        0.345        0.1755       0.247        9            
error_attr: height, error_value: 0.1d5

7843 I            0.575        0.45         0.15         0.872        0.4675       0.18         0.217        9            
7843 I            0.575        0.45         0.145        0.872        0.4675       0.18         0.217        9            
error_attr: height, error_value: 0.15

7856 F            0.605        0.49         0.15         1.1345       0.4305       0.2595       0.35         10           
7856 F            0.605        0.49         0.15         1.1345       0.4305       0.2525       0.35         10           
error_attr: viscera, error_value: 0.2595

7910 F            0.575        0.42         0.1u9        1.764        0.914        0.377        0.4095       10           
7910 F            0.575        0.42         0.19         1.764        0.914        0.377        0.4095       10           
error_attr: height, error_value: 0.1u9

7923 I            0.285        0.205        0.07         0.106        0.039        0.0285       0.034        ***          
7923 I            0.285        0.205        0.07         0.106        0.039        0.0285       0.034        5            
error_attr: rings, error_value: ***

7946 M            0.56         0.465        g0.145       0.8875       0.3345       0.22         0.2695       9            
7946 M            0.56         0.465        0.145        0.8875       0.3345       0.22         0.2695       9            
error_attr: height, error_value: g0.145

7947 F            0.56         0.43         0.415        0.898        0.3895       0.2325       0.245        9            
7947 F            0.56         0.43         0.145        0.898        0.3895       0.2325       0.245        9            
error_attr: height, error_value: 0.415

7955 M            0.585        0.47         01.45        0.9565       0.4025       0.2365       0.265        9            
7955 M            0.585        0.47         0.145        0.9565       0.4025       0.2365       0.265        9            
error_attr: height, error_value: 01.45

7968 F            0.65         0.505        0.175        1.2075       0.5105       0.2695       0.39         10           
7968 F            0.65         0.505        0.175        1.2075       0.5105       0.262        0.39         10           
error_attr: viscera, error_value: 0.2695

7972 M            0.67         0.52         0.17s5       1.4755       0.6275       0.379        0.374        10           
7972 M            0.67         0.52         0.175        1.4755       0.6275       0.379        0.374        10           
error_attr: height, error_value: 0.17s5

8018 F            0.53         0.41         0.e145       0.8255       0.375        0.204        0.245        9            
8018 F            0.53         0.41         0.145        0.8255       0.375        0.204        0.245        9            
error_attr: height, error_value: 0.e145

8020 F            0.615        0.475        0.154        0.9525       0.3915       0.195        0.32         9            
8020 F            0.615        0.475        0.145        0.9525       0.3915       0.195        0.32         9            
error_attr: height, error_value: 0.154

8099 M            0.375        0.28         0.095        0.2225       0.0805       0.043        0.08         10           
8099 M            0.375        0.28         0.095        0.2225       0.0875       0.043        0.08         10           
error_attr: whucked, error_value: 0.0805

8140 F            0.72         0.575        0.19b5       2.1505       1.0745       0.382        0.585        10           
8140 F            0.72         0.575        0.195        2.1505       1.0745       0.382        0.585        10           
error_attr: height, error_value: 0.19b5

8141 I            0.27         0.205        0.075        0.118        0.059        0.031        0.0305                    
8141 I            0.27         0.205        0.075        0.118        0.059        0.031        0.0305       4            
error_attr: rings, error_value: 

8143 I            0.295        0.22         0.07         0.1365       0.0575       0.0295       0.035        m6           
8143 I            0.295        0.22         0.07         0.1365       0.0575       0.0295       0.035        6            
error_attr: rings, error_value: m6

8144 I            0.295        0.22         0.065        0.1295       0.052        0.028        0.035                     
8144 I            0.295        0.22         0.065        0.1295       0.052        0.028        0.035        6            
error_attr: rings, error_value: 

8197 M            0.66         0.515        i0.155       1.4415       0.7055       0.3555       0.335        10           
8197 M            0.66         0.515        0.155        1.4415       0.7055       0.3555       0.335        10           
error_attr: height, error_value: i0.155

8199 F            0.69         0.58         0.95         1.658        0.708        0.3615       0.4715       10           
8199 F            0.69         0.58         0.195        1.658        0.708        0.3615       0.4715       10           
error_attr: height, error_value: 0.95

8236 F            0.695        0.56         i0.185       1.7715       0.8195       0.331        0.437        10           
8236 F            0.695        0.56         0.185        1.7715       0.8195       0.331        0.437        10           
error_attr: height, error_value: i0.185

8297 I            0.3          0.215        0.05         0.1185       0.048        0.0225       0.042                     
8297 I            0.3          0.215        0.05         0.1185       0.048        0.0225       0.042        4            
error_attr: rings, error_value: 

8327 I            0.28         0.215        0.07         0.124        0.063        0.0215       0.03         ***          
8327 I            0.28         0.215        0.07         0.124        0.063        0.0215       0.03         6            
error_attr: rings, error_value: ***


